 <pre>

 Contingency table for Max Wind Gust (m/s)
 Selection: ALL    924 stations
Period: 20210203-20210228
Used {00,03,...,21} + 01 02 ... 36
 Limits    5.5000000000000000        8.0000000000000000        10.800000000000001        13.900000000000000        18.000000000000000        24.500000000000000        28.000000000000000        30.000000000000000        32.600000000000001     
 Each class is data <= limit, the very last > last limit
 Total number of values     2629035
                                                       OBSERVATION
                                 808748   136431    33307     8013     2063      176        5        0        0        0 |    988743
                                 220963   265393    95640    22976     4895      422        4        0        0        0 |    610293
                                  41463   152041   191059    79708    17487     1859       17        0        0        0 |    483634
                                   6709    23148    83147   129368    53223     5707      162        5        0        0 |    301469
                           REF     1325     3286    11398    48903    88223    19231      953       85       11        1 |    173416
                                     99      323     1238     5048    20419    33021     3666      624      439      225 |     65102
                                      0        4        9       62      332     2378     1622      249      169      174 |      4999
                                      0        0        0        2       13      221      218       90       64      111 |       719
                                      0        0        0        0        3       82      130      101       53      152 |       521
                                      0        0        0        0        0       19       35       28        8       49 |       139

                    SUM         1079307   580626   415798   294080   186658    63116     6812     1182      744      712 |   2629035
                                                       OBSERVATION
                                 805883   135252    32908     7941     2106      171        6        0        0        0 |    984267
                                 222935   265666    94808    22789     4896      425        4        0        0        0 |    611523
                                  42288   152804   192173    79526    17442     1867       19        0        0        0 |    486119
                                   6776    23281    83111   129657    53217     5712      158        5        0        0 |    301917
                          lowp     1320     3282    11514    49053    88185    19218      946       87       11        1 |    173617
                                    105      338     1270     5052    20465    33040     3680      626      444      243 |     65263
                                      0        3       14       61      327     2365     1628      247      163      163 |      4971
                                      0        0        0        1       17      209      198       90       61      109 |       685
                                      0        0        0        0        3       92      138      100       54      154 |       541
                                      0        0        0        0        0       17       35       27       11       42 |       132

                    SUM         1079307   580626   415798   294080   186658    63116     6812     1182      744      712 |   2629035

