 <pre>

 Contingency table for Rh2m (%)
 Selection: ALL   1005 stations
Period: 20210203-20210228
Used {00,03,...,21} + 00 01 ... 36
 Limits    30.000000000000000        50.000000000000000        65.000000000000000        75.000000000000000        85.000000000000000        95.000000000000000        100.00000000000000     
 Each class is data <= limit, the very last > last limit
 Total number of values     3660990
                                              OBSERVATION
                                    760     2197     1432      746      353      163        0        0 |      5651
                                   1987    27139    36647    17824    11644     2765       92        0 |     98098
                                    662    28301   133423   126716   112819    24973     1258        0 |    428152
                           REF       82     7606    87021   181077   296211   137799     4427        0 |    714223
                                     23     1804    38048   139474   372023   448560    23406        0 |   1023338
                                      0      333    10128    53051   208746   481959   141753        0 |    895970
                                      0        7      443     4261    25390   145327   320077        0 |    495505
                                      0        0        0        1        1       20       31        0 |        53

                    SUM            3514    67387   307142   523150  1027187  1241566   491044        0 |   3660990
                                              OBSERVATION
                                    760     2049     1402      740      364      145        0        0 |      5460
                                   2000    26713    34698    16494    10701     2516       89        0 |     93211
                                    651    28614   131858   120112   106717    23170     1203        0 |    412325
                          lowp       84     7795    89356   182501   290914   131505     4332        0 |    706487
                                     19     1876    39154   144747   379060   443651    22932        0 |   1031439
                                      0      333    10230    54302   213908   494894   142375        0 |    916042
                                      0        7      444     4254    25521   145665   320078        0 |    495969
                                      0        0        0        0        2       20       35        0 |        57

                    SUM            3514    67387   307142   523150  1027187  1241566   491044        0 |   3660990

