 <pre>

 Contingency table for Visibility (m)
 Selection: ALL    697 stations
Period: 20210203-20210228
Used {00,03,...,21} + 00 01 ... 36
 Limits    1000.0000000000000        5000.0000000000000        10000.000000000000        20000.000000000000     
 Each class is data <= limit, the very last > last limit
 Total number of values     2308692
                                     OBSERVATION
                                  38956    32604    13440     8198     3947 |     97145
                                  36714   155238    84043    81371    74899 |    432265
                           REF     6477    45285    48618    71819    96561 |    268760
                                   2208    16526    29841    65168   167281 |    281024
                                  10423    71163   117113   277091   753708 |   1229498

                    SUM           94778   320816   293055   503647  1096396 |   2308692
                                     OBSERVATION
                                  38784    32658    13408     8101     3969 |     96920
                                  37044   156735    85494    83193    77796 |    440262
                          lowp     6383    45790    49866    74479   101039 |    277557
                                   2214    16105    29729    65612   165079 |    278739
                                  10353    69528   114558   272262   748513 |   1215214

                    SUM           94778   320816   293055   503647  1096396 |   2308692

