 <pre>

 Contingency table for Cloud cover (octas)
 Selection: ALL    595 stations
Period: 20210203-20210228
Used {00,03,...,21} + 01 02 ... 36
 Limits   0.50000000000000000        1.5000000000000000        2.5000000000000000        3.5000000000000000        4.5000000000000000        5.5000000000000000        6.5000000000000000        7.5000000000000000     
 Each class is data <= limit, the very last > last limit
 Total number of values     1731630
                                                       OBSERVATION
                                 233178    21754    12879     9325     6233     7775     7422    18463    42667 |    359696
                                  32812     6198     4335     3694     2624     3761     3604    10375    22605 |     90008
                                  17686     3680     2706     2454     1695     2480     2768     7321    16076 |     56866
                                  13163     2820     2165     1912     1484     2016     2328     6457    14077 |     46422
                           REF    11410     2466     1948     1796     1359     1980     2351     6249    13926 |     43485
                                  10708     2459     1974     1900     1416     2184     2536     6834    15230 |     45241
                                  12495     2911     2278     2270     1738     2616     3210     9090    20039 |     56647
                                  17837     4257     3342     3700     2811     4349     5219    15914    36275 |     93704
                                  69247    18059    12919    15543    12944    22720    28998   149829   609302 |    939561

                    SUM          418536    64604    44546    42594    32304    49881    58436   230532   790197 |   1731630
                                                       OBSERVATION
                                 227228    20933    12347     8939     5953     7307     6913    17048    38985 |    345653
                                  34096     6031     4319     3594     2535     3574     3596     9800    21136 |     88681
                                  18350     3772     2653     2427     1708     2463     2643     7120    15282 |     56418
                                  13604     2846     2253     1915     1514     2086     2316     6201    13553 |     46288
                          lowp    11706     2541     1972     1833     1400     2003     2374     6119    13630 |     43578
                                  11171     2538     1945     1829     1423     2161     2489     6937    15177 |     45670
                                  12978     2923     2334     2338     1703     2629     3245     8933    19878 |     56961
                                  18389     4322     3428     3696     2811     4471     5326    16116    36318 |     94877
                                  71014    18698    13295    16023    13257    23187    29534   152258   616238 |    953504

                    SUM          418536    64604    44546    42594    32304    49881    58436   230532   790197 |   1731630

